13
55
62
98
156
160
210
227
257
287
373
410
411
427
465
488
499
510
552
555
578
608
658
690
723
756
757
856
886
952
1021
1047
1137
1150
1180
1188
1240
1291
1321
1326
1334
1361
1435
1504
1517
1518
1526
1585
1637
1639
1651
1653
1677
1700
1734
1741
1768
1773
1907
1959
1972
1978
1980
2040
2056
2066
2116
2125
2184
2213
2224
2251
2271
2274
2277
2299
2306
2348
2363
2416
2431
2454
2485
2550
2584
2588
2595
2622
2755
2838
2877
2944
2971
2996
2997
3035
3068
3070
3078
3096
3117
3142
3150
3168
3204
3230
3231
3278
3287
3367
3368
3394
3408
3410
3424
3434
3479
3516
3532
3561
3573
3590
3605
3657
3660
3707
3710
3745
3793
3828
3927
3944
3991
4017
4032
4119
4123
4172
4174
4179
4272
4276
4301
4307
4310
4340
4342
4360
4365
4395
4404
4436
4460
4477
4490
4499
4508
4517
4544
4580
4642
4667
4693
4701
4724
4768
4823
4839
4861
4906
4972
5037
5065
5076
5095
5148
5153
5179
5229
5230
5267
5324
5373
5389
5448
5515
5526
5595
5666
5678
5690
5737
5754
5814
5818
5819
5876
5893
5920
5948
5997
6062
6063
6137
6149
6158
6233
6248
6291
6304
6331
6333
6354
6442
6450
6699
6701
6734
6826
6910
6930
6933
7010
7022
7066
7092
7095
7098
7112
7132
7160
7193
7209
7230
7240
7250
7271
7273
7290
7328
7336
7375
7463
7479
7521
7541
7559
7567
7570
7605
7614
7615
7619
7642
7649
7680
7710
7718
7737
7744
7755
7761
7781
7795
7818
7860
7895
7903
7916
7921
7995
8008
8050
8070
8071
8092
8207
8227
8228
8230
8264
8287
8312
8340
8346
8380
8405
8421
8496
8517
8531
8553
8631
8645
8686
8692
8711
8729
8752
8766
8781
8808
8823
8841
8851
8875
8891
8930
8965
8966
9023
9154
9210
9232
9298
9316
9336
9354
9442
9445
9446
9448
9484
9591
9605
9612
9640
9642
9683
9700
9764
9788
9841
9844
9862
9916
9984
10020
10029
10035
10058
10061
10149
10177
10229
10303
10334
10337
10341
10342
10378
10395
10399
10410
10455
10508
10515
10549
10569
10578
10597
10642
10667
10674
10689
10701
10711
10727
10754
10764
10773
10781
10888
10902
11009
11066
11142
11155
11169
11226
11248
11289
11335
11371
11376
11423
11460
11479
11511
11530
11550
11559
11579
11593
11612
11620
11654
11673
11745
11808
11836
11847
11860
11863
11879
11883
11900
11972
11989
12054
12088
12118
12134
12160
12169
12178
12213
12237
12250
12261
12337
12374
12446
12509
12515
12537
12542
12621
12651
12660
12674
12682
12684
12700
12722
12727
12728
12786
12788
12838
12865
12871
12896
12970
12979
13074
13180
13196
13292
13307
13332
13391
13403
13438
13449
13490
13509
13596
13622
13626
13681
13703
13758
13815
13957
14014
14029
14080
14091
14103
14143
14180
14202
14204
14225
14375
14381
14454
14526
14539
14548
14552
14565
14566
14647
14662
14800
14824
14933
14935
14996
15016
15030
15085
15124
15158
15168
15218
15232
15277
15281
15322
15367
15393
15404
15420
15426
15430
15454
15573
15577
15601
15628
15679
15688
15691
15717
15727
15784
15796
15844
15859
15889
15890
15902
15930
15932
15954
15975
15986
15993
16004
16034
16046
16087
16089
16105
16133
16147
16158
16214
16227
16264
16267
16294
16310
16318
16335
16354
16371
16374
16408
16425
16459
16470
16569
16625
16637
16649
16653
16680
16710
16713
16737
16763
16840
16852
16906
16923
16928
16937
16972
16975
16992
17007
17018
17040
17046
17063
17073
17105
17113
17158
17212
17220
17278
17364
17402
17477
17520
17617
17640
17649
17683
17696
17726
17818
17836
17933
17934
17959
18007
18051
18057
18058
18149
18197
18283
18320
18344
18355
18436
18449
18500
18550
18553
18561
18582
18591
18645
18683
18730
18795
18819
18843
18854
18858
18863
18869
18884
18925
18974
19008
19018
19098
19145
19211
19347
19387
19450
19513
19515
19551
19563
19587
19589
19614
19617
19678
19727
19740
19786
19864
19876
19896
19904
19907
20063
20072
20209
20283
20300
20307
20345
20378
20418
20431
20437
20453
20572
20655
20765
20780
20804
20808
20810
20884
20978
20980
20982
21004
21022
21069
21104
21225
21239
21289
21305
21331
21348
21364
21390
21414
21423
21443
21459
21518
21531
21578
21608
21629
21671
21746
21759
21786
21794
21831
21833
21869
21896
21922
21937
21942
21950
21973
21986
22003
22056
22093
22221
22237
22272
22291
22301
22313
22314
22358
22422
22450
22490
22525
22628
22662
22746
22789
22906
22924
22928
22973
23000
23006
23014
23016
23084
23124
23153
23158
23189
23224
23226
23234
23277
23349
23352
23360
23363
23395
23416
23417
23427
23445
23463
23484
23488
23512
23565
23587
23637
23705
23715
23719
23739
23807
23837
23846
23855
23873
23877
23881
23885
23919
23942
23987
24035
24146
24208
24244
24252
24343
24346
24347
24380
24407
24457
24488
24572
24601
24650
24722
24732
24812
24825
24920
24933
24935
24940
24997
25054
25097
25130
25193
25221
25281
25294
25358
25391
25393
25563
25573
25601
25640
25650
25701
25728
25800
25812
25880
25911
25924
25958
26069
26080
26120
26148
26155
26170
26224
26227
26235
26240
26255
26396
26513
26514
26517
26528
26539
26665
26671
26674
26721
26726
26730
26778
26842
26861
26884
26940
26948
26951
26978
27008
27010
27023
27029
27039
27070
27171
27300
27310
27334
27340
27457
27518
27546
27625
27684
27685
27686
27715
27768
27772
27789
27831
27839
27879
27895
27950
27983
27986
28001
28030
28032
28035
28049
28060
28145
28216
28239
28245
28256
28345
28355
28379
28383
28398
28473
28509
28517
28542
28588
28614
28619
28629
28644
28648
28673
28752
28776
28835
28838
28861
28865
28878
28881
28910
28911
28912
28917
28937
29046
29053
29120
29131
29151
29153
29195
29246
29283
29286
29289
29299
29302
29340
29360
29368
29394
29422
29431
29438
29501
29513
29550
29573
29693
29718
29735
29809
29810
29837
29841
29860
29902
29937
29975
30025
30073
30254
30279
30284
30287
30317
30364
30382
30388
30396
30397
30398
30465
30537
30581
30592
30620
30644
30646
30672
30716
30765
30805
30814
30844
30895
30975
30984
31014
31036
31042
31087
31094
31136
31212
31216
31291
31305
31330
31442
31457
31485
31519
31624
31638
31677
31725
31731
31749
31802
31861
31972
32013
32083
32092
32093
32114
32146
32152
32161
32177
32184
32185
32189
32191
32199
32210
32215
32250
32302
32361
32371
32375
32411
32488
32541
32554
32569
32615
32665
32685
32729
32731
32734
32821
32822
32846
32877
32891
32908
32956
32964
32984
33095
33108
33181
33209
33247
33248
33339
33341
33420
33441
33468
33484
33514
33536
33560
33575
33593
33607
33664
33710
33720
33748
33774
33800
33810
33820
33880
33921
33947
33956
33969
33993
33997
34075
34103
34185
34200
34209
34377
34399
34447
34553
34568
34639
34666
34677
34678
34720
34723
34739
34748
34752
34842
34845
34850
34865
34882
34934
34973
35021
35054
35072
35097
35143
35159
35186
35281
35323
35328
35423
35448
35484
35487
35516
35535
35550
35566
35582
35599
35608
35624
35651
35682
35728
35756
35773
35780
35794
35799
35809
35810
35862
35865
35919
35920
35973
35991
36001
36064
36067
36104
36105
36141
36167
36187
36245
36273
36275
36329
36332
36432
36455
36478
36497
36589
36648
36649
36663
36673
36680
36687
36714
36728
36734
36750
36759
36810
36838
36913
36936
37002
37018
37070
37112
37156
37195
37226
37253
37287
37304
37328
37331
37336
37363
37428
37438
37465
37502
37528
37536
37570
37639
37688
37765
37780
37788
37795
37802
37850
37851
37854
37855
37857
37881
37930
37950
37988
38016
38019
38047
38059
38106
38175
38215
38250
38257
38265
38288
38411
38463
38470
38502
38526
38584
38602
38684
38752
38786
38855
38863
38885
38955
38961
38999
39037
39046
39053
39199
39202
39209
39212
39220
39358
39376
39412
39448
39510
39559
39612
39690
39693
39736
39746
39809
39811
39818
39849
39866
39882
39892
39909
39911
39936
39943
39975
40013
40034
40072
40082
40111
40134
40157
40226
40280
40325
40356
40397
40404
40431
40498
40566
40643
40759
40818
40822
40830
40847
40856
40859
40875
40901
40910
40922
40964
41071
41100
41124
41146
41156
41159
41190
41215
41219
41224
41229
41293
41341
41356
41394
41441
41452
41478
41479
41487
41495
41510
41547
41566
41612
41628
41728
41804
41809
41830
41884
41894
41914
41924
41957
41968
42029
42030
42070
42137
42146
42198
42286
42289
42358
42364
42365
42397
42401
42451
42480
42542
42558
42637
42673
42701
42761
42773
42775
42826
42866
42893
42919
42943
42965
42990
42992
43072
43095
43098
43226
43247
43287
43304
43322
43329
43344
43355
43375
43427
43499
43512
43519
43552
43595
43596
43608
43641
43666
43699
43701
43714
43716
43726
43750
43770
43784
43789
43836
43861
43882
43900
43938
43952
43974
43984
43985
44145
44165
44268
44300
44346
44486
44493
44516
44531
44533
44658
44709
44723
44741
44791
44991
45004
45096
45143
45145
45198
45200
45207
45244
45265
45378
45386
45409
45411
45439
45473
45577
45638
45688
45731
45804
45806
45815
45835
45904
45913
45915
45916
45918
45937
45964
45998
46071
46101
46278
46297
46304
46353
46410
46442
46458
46478
46488
46507
46511
46522
46671
46686
46715
46791
46809
46842
46894
46996
47024
47034
47059
47098
47122
47140
47194
47210
47225
47260
47307
47340
47381
47463
47481
47622
47644
47684
47694
47705
47722
47765
47836
47858
47869
47871
47906
47932
47980
47996
48057
48064
48113
48166
48201
48230
48233
48242
48246
48251
48289
48304
48324
48346
48379
48395
48460
48474
48484
48563
48585
48635
48639
48700
48785
48868
48881
48970
48981
49016
49030
49040
49080
49111
49134
49304
49329
49335
49384
49394
49445
49456
49496
49506
49524
49530
49533
49558
49562
49567
49660
49675
49676
49678
49692
49785
49838
49947
50000
50017
50020
50040
50061
50076
50077
50101
50104
50105
50116
50178
50260
50266
50286
50294
50301
50310
50328
50337
50354
50372
50413
50420
50457
50458
50501
50558
50575
50650
50653
50782
50801
50810
50840
50859
50864
50899
50917
50923
50966
50977
50999
51044
51215
51220
51226
51231
51254
51302
